128 1
0.306867
0.199095
0.912886
0.743034
0.736490
0.844890
0.999888
0.266007
0.854606
0.120613
0.585220
0.783645
0.305424
0.102739
0.970251
0.425630
0.707218
0.560611
0.104152
0.156222
0.988055
0.325604
0.737265
0.539466
0.641073
0.205555
0.579609
0.275785
0.356510
0.516913
0.935996
0.663377
0.716008
0.848883
0.406411
0.452499
0.693773
0.406300
0.718506
0.548379
0.526912
0.303726
0.332024
0.832336
0.406465
0.302275
0.257966
0.113683
0.862886
0.362119
0.269905
0.850941
0.687723
0.007170
0.390407
0.328796
0.212725
0.970016
0.604582
0.569235
0.486928
0.540578
0.232612
0.202937
0.389461
0.639024
0.655435
0.083233
0.045323
0.373941
0.631612
0.572236
0.677666
0.963636
0.404572
0.084131
0.265910
0.662539
0.197814
0.128796
0.024657
0.467719
0.979737
0.712380
0.474889
0.370144
0.041176
0.687614
0.340159
0.645758
0.256849
0.827088
0.186336
0.489461
0.030024
0.575796
0.128485
0.685460
0.659029
0.173808
0.059400
0.290641
0.746044
0.737067
0.254277
0.150617
0.821198
0.520187
0.813155
0.019012
0.648984
0.837813
0.486731
0.628721
0.550193
0.961620
0.998865
0.591369
0.649233
0.339024
0.237127
0.906082
0.166112
0.423462
0.395543
0.196136
0.999258
0.524028
