2048 1
0.666571
0.083616
0.862821
0.333436
0.342596
0.140378
0.231047
0.767041
0.888693
0.223336
0.308129
0.814248
0.220375
0.106011
0.348203
0.025549
0.799246
0.881882
0.288307
0.709530
0.956347
0.848042
0.836469
0.067271
0.879355
0.368655
0.799144
0.432100
0.071638
0.903426
0.352346
0.738209
0.987043
0.215167
0.071645
0.329638
0.355545
0.302691
0.096679
0.244238
0.526027
0.404808
0.058486
0.746402
0.510819
0.406688
0.771951
0.310064
0.288571
0.060258
0.019595
0.244918
0.908300
0.856064
0.312188
0.787655
0.224719
0.111333
0.219755
0.296357
0.014759
0.572101
0.034566
0.001801
0.787268
0.106211
0.331440
0.142813
0.408902
0.428118
0.387051
0.934929
0.832926
0.445536
0.681331
0.343745
0.852224
0.453282
0.653809
0.140795
0.513540
0.673404
0.385713
0.421839
0.529468
0.697901
0.209494
0.754187
0.809233
0.429249
0.050544
0.823992
0.001350
0.085110
0.825794
0.788618
0.191321
0.157233
0.931431
0.600223
0.585352
0.318481
0.535152
0.418278
0.764018
0.216482
0.762023
0.616242
0.669764
0.415832
0.757037
0.183304
0.089236
0.142750
0.605143
0.618704
0.840651
0.814637
0.372891
0.649884
0.243886
0.423436
0.473877
0.245236
0.508546
0.299670
0.033854
0.699867
0.456903
0.965285
0.300090
0.042255
0.283766
0.835241
0.460533
0.047784
0.051723
0.222556
0.664026
0.721487
0.638388
0.421063
0.904791
0.727624
0.563813
0.509934
0.346329
0.404464
0.324571
0.719220
0.054348
0.568458
0.142655
0.528224
0.813694
0.651201
0.827894
0.847548
0.351068
0.284798
0.812833
0.651158
0.327053
0.096599
0.486399
0.787587
0.144382
0.538122
0.010143
0.808408
0.259610
0.648531
0.229471
0.164401
0.376155
0.793284
0.674335
0.722484
0.197747
0.998907
0.441704
0.252095
0.567365
0.584359
0.780319
0.381059
0.235561
0.608214
0.228606
0.586629
0.893012
0.041439
0.237787
0.220065
0.138038
0.724186
0.007651
0.282420
0.262308
0.017794
0.090828
0.521918
0.666325
0.320299
0.686319
0.042480
0.113582
0.360655
0.764964
0.311329
0.359561
0.206668
0.563424
0.926926
0.791027
0.343743
0.307984
0.026588
0.951957
0.536591
0.613217
0.844969
0.578030
0.851004
0.065034
0.716068
0.575190
0.072685
0.998488
0.837498
0.090479
0.089316
0.359417
0.756804
0.409614
0.045736
0.799284
0.523197
0.406391
0.564249
0.834526
0.765952
0.770916
0.397950
0.692878
0.561944
0.741694
0.000862
0.588532
0.693651
0.537453
0.201748
0.538620
0.115483
0.052752
0.603654
0.831551
0.627942
0.676339
0.830039
0.465441
0.766818
0.919354
0.824857
0.523622
0.328969
0.870594
0.322907
0.852165
0.276984
0.887155
0.686691
0.042936
0.658072
0.084641
0.735814
0.220015
0.826335
0.736677
0.808547
0.519986
0.274130
0.010295
0.058606
0.389613
0.063048
0.662259
0.221164
0.690990
0.338598
0.051203
0.156431
0.105416
0.970557
0.981288
0.629039
0.299526
0.851881
0.951945
0.151691
0.128866
0.839101
0.838383
0.171802
0.497172
0.923024
0.907616
0.717188
0.749359
0.644293
0.525735
0.269345
0.918423
0.536030
0.327951
0.308036
0.599078
0.990210
0.529201
0.290068
0.328808
0.580404
0.446498
0.434225
0.550961
0.427786
0.063263
0.850487
0.279668
0.015209
0.002179
0.408533
0.854309
0.840561
0.580335
0.351482
0.763585
0.487952
0.068669
0.512944
0.132245
0.594404
0.782289
0.050668
0.130434
0.110240
0.358704
0.729511
0.100450
0.887905
0.019579
0.429259
0.468308
0.466077
0.863483
0.019270
0.893863
0.926747
0.869757
0.173531
0.941955
0.871936
0.582064
0.796265
0.712497
0.162399
0.147746
0.476083
0.650351
0.216416
0.989027
0.782596
0.810819
0.771316
0.833263
0.941253
0.881556
0.191967
0.670764
0.982007
0.079872
0.690343
0.411265
0.548180
0.156420
0.274749
0.567450
0.050283
0.201496
0.437207
0.223814
0.143451
0.309143
0.805878
0.939716
0.021640
0.968277
0.087462
0.497722
0.618628
0.303878
0.486749
0.401224
0.114697
0.258066
0.234487
0.055950
0.139622
0.426454
0.726714
0.121629
0.506326
0.417057
0.532894
0.054506
0.573477
0.807643
0.621956
0.623760
0.009138
0.059163
0.847574
0.152589
0.368306
0.653451
0.092305
0.389945
0.621728
0.179767
0.887668
0.240356
0.483645
0.374417
0.641580
0.598342
0.632483
0.876067
0.654292
0.772105
0.302522
0.381006
0.893733
0.808848
0.798064
0.426628
0.863354
0.371541
0.234270
0.485310
0.995301
0.243409
0.544473
0.842874
0.395998
0.912779
0.496325
0.488303
0.302724
0.118053
0.668071
0.190392
0.358410
0.151716
0.564809
0.999990
0.750058
0.197292
0.876057
0.404350
0.969397
0.178579
0.785356
0.863130
0.987427
0.583420
0.289757
0.850781
0.954960
0.524028
0.336091
0.950261
0.767437
0.880565
0.793135
0.163435
0.793343
0.289461
0.651739
0.096068
0.407514
0.319809
0.286460
0.765923
0.471525
0.851269
0.765913
0.221582
0.048561
0.641970
0.625932
0.017957
0.820549
0.411288
0.881087
0.807976
0.994708
0.170845
0.658757
0.949668
0.694873
0.994848
0.899929
0.462309
0.875413
0.693064
0.625745
0.668756
0.982525
0.277483
0.764824
0.390038
0.597292
0.051283
0.155962
0.068817
0.902552
0.921875
0.290400
0.951113
0.563845
0.916332
0.969070
0.384394
0.327620
0.850158
0.192370
0.322327
0.021003
0.851127
0.271995
0.715875
0.845976
0.171924
0.178185
0.721389
0.864988
0.803929
0.390145
0.847512
0.081413
0.154969
0.237551
0.678705
0.206252
0.393513
0.747522
0.108805
0.315388
0.037922
0.059918
0.879233
0.954254
0.028988
0.263628
0.281873
0.879146
0.455998
0.604200
0.900148
0.307125
0.876195
0.616024
0.153101
0.048119
0.794209
0.874490
0.913107
0.598138
0.264635
0.760619
0.679551
0.419604
0.998170
0.358256
0.625856
0.391683
0.105778
0.734660
0.707071
0.143700
0.794578
0.586304
0.097953
0.823566
0.849932
0.379827
0.702712
0.305930
0.984027
0.602860
0.613055
0.860222
0.218884
0.766156
0.908341
0.013092
0.640646
0.821448
0.611230
0.905280
0.582068
0.290781
0.324884
0.580238
0.649037
0.950740
0.971921
0.754814
0.685400
0.678992
0.898514
0.479978
0.265296
0.996468
0.303544
0.115227
0.376294
0.006255
0.421157
0.360321
0.609115
0.034212
0.220543
0.827999
0.800368
0.128884
0.841092
0.441014
0.950333
0.452322
0.346294
0.532400
0.743103
0.671178
0.112638
0.392140
0.621917
0.084559
0.146954
0.307317
0.763551
0.045468
0.787295
0.028847
0.041936
0.090838
0.144074
0.418230
0.097094
0.565231
0.778551
0.706209
0.599443
0.999094
0.534208
0.399811
0.127978
0.375300
0.840825
0.078311
0.827622
0.187119
0.610711
0.570725
0.858297
0.723349
0.962865
0.480214
0.807908
0.109819
0.787531
0.571459
0.155288
0.574826
0.600306
0.197224
0.665665
0.744381
0.615454
0.762759
0.309612
0.394005
0.468968
0.909055
0.393099
0.003176
0.308867
0.521077
0.378476
0.149691
0.599388
0.206098
0.336810
0.210099
0.776823
0.195106
0.933448
0.739688
0.675321
0.741357
0.849507
0.462852
0.312816
0.004795
0.037678
0.913122
0.202019
0.703343
0.657503
0.817472
0.466102
0.967115
0.211477
0.935069
0.876171
0.604576
0.938245
0.185037
0.125653
0.316720
0.334728
0.725040
0.522818
0.671538
0.935139
0.299641
0.866645
0.868587
0.039329
0.541965
0.609944
0.888837
0.004817
0.922760
0.893632
0.042495
0.835882
0.095650
0.745838
0.493386
0.913123
0.211940
0.460501
0.124600
0.147009
0.336671
0.729176
0.085254
0.521708
0.854828
0.401974
0.856437
0.579868
0.924792
0.527975
0.515007
0.224433
0.394620
0.383595
0.263763
0.936586
0.993538
0.152599
0.941403
0.916298
0.046231
0.983898
0.752181
0.141881
0.729737
0.245567
0.055004
0.941677
0.706067
0.179604
0.088686
0.042739
0.908780
0.173939
0.564447
0.763608
0.575913
0.420884
0.343476
0.500706
0.948859
0.858484
0.725139
0.343480
0.242078
0.988902
0.280065
0.235617
0.141501
0.221468
0.151915
0.187732
0.205366
0.904096
0.329613
0.935103
0.149663
0.384617
0.876780
0.855730
0.564222
0.965465
0.898469
0.473001
0.139404
0.462916
0.236609
0.715318
0.883800
0.580086
0.216024
0.832660
0.438570
0.941163
0.176139
0.680648
0.930064
0.456205
0.916265
0.071565
0.677673
0.068181
0.259297
0.883039
0.972277
0.588910
0.818142
0.121940
0.973528
0.694921
0.977671
0.537749
0.660387
0.876140
0.010751
0.799791
0.339056
0.247360
0.515109
0.222857
0.827446
0.731133
0.055516
0.266016
0.672295
0.231656
0.946664
0.602360
0.687861
0.862929
0.673925
0.365533
0.931110
0.933222
0.248572
0.903387
0.522132
0.066714
0.025327
0.495660
0.761635
0.002998
0.033409
0.422022
0.879137
0.044160
0.221813
0.218193
0.291519
0.736922
0.441050
0.118965
0.468054
0.496566
0.384981
0.140350
0.728222
0.331645
0.742709
0.416083
0.194574
0.416634
0.781616
0.125684
0.349856
0.030188
0.029071
0.871989
0.096902
0.054398
0.367649
0.858537
0.057396
0.401058
0.280559
0.936533
0.445217
0.502372
0.154726
0.736737
0.239293
0.595776
0.855702
0.707348
0.092343
0.240683
0.847697
0.820565
0.572328
0.590407
0.236648
0.766902
0.007041
0.018264
0.892586
0.356897
0.048451
0.921657
0.228886
0.145353
0.976055
0.596535
0.003890
0.033450
0.997592
0.284449
0.969983
0.442809
0.786820
0.124709
0.179546
0.026114
0.720485
0.035248
0.733461
0.812828
0.275931
0.581159
0.633393
0.848259
0.171566
0.870040
0.615161
0.178606
0.888304
0.507747
0.535504
0.936755
0.429403
0.764390
0.082108
0.405458
0.360924
0.085999
0.438908
0.358516
0.370447
0.408891
0.801326
0.157268
0.533600
0.980872
0.183382
0.254086
0.016119
0.916843
0.066914
0.292050
0.498002
0.700306
0.140309
0.669567
0.570346
0.755470
0.848174
0.458650
0.263216
0.383678
0.395405
0.692620
0.148067
0.477514
0.098078
0.508992
0.563513
0.536986
0.867508
0.933960
0.945877
0.668834
0.091228
0.479477
0.649705
0.274609
0.733563
0.665825
0.191452
0.800476
0.957875
0.689454
0.500783
0.098184
0.359022
0.071129
0.853653
0.207195
0.529779
0.116869
0.590873
0.925185
0.809489
0.738940
0.402698
0.907567
0.247932
0.966211
0.444553
0.115440
0.900171
0.390430
0.784274
0.991399
0.869907
0.433979
0.266008
0.603470
0.099803
0.457460
0.403946
0.057678
0.146914
0.904729
0.155861
0.505936
0.975858
0.009515
0.713131
0.505637
0.126384
0.304004
0.430821
0.935873
0.042945
0.833520
0.843440
0.290877
0.799731
0.287993
0.406316
0.699902
0.678422
0.190590
0.691300
0.548329
0.624569
0.957308
0.151799
0.724372
0.414769
0.555745
0.782050
0.561683
0.460474
0.937911
0.067619
0.436331
0.947426
0.780751
0.941968
0.073810
0.084755
0.372790
0.009683
0.127700
0.206309
0.853123
0.418576
0.006040
0.141116
0.824893
0.705942
0.819538
0.015483
0.397242
0.367867
0.640051
0.354551
0.519666
0.364423
0.769319
0.075411
0.146473
0.331002
0.535885
0.084385
0.398622
0.972216
0.031811
0.179372
0.914184
0.105621
0.264127
0.286974
0.115304
0.391827
0.493283
0.968428
0.810404
0.499323
0.109544
0.635296
0.205265
0.929082
0.650779
0.602507
0.296949
0.290831
0.957058
0.816616
0.655254
0.726377
0.892027
0.801727
0.057379
0.427912
0.886112
0.456001
0.400128
0.917923
0.635373
0.314312
0.023543
0.899500
0.601286
0.138848
0.291328
0.094569
0.107275
0.101731
0.593892
0.216819
0.737027
0.799158
0.145901
0.387807
0.401665
0.442850
0.678637
0.358723
0.259466
0.333891
0.085100
0.151493
0.135618
0.142479
0.579405
0.021730
0.598480
0.979532
0.939653
0.233853
0.293845
0.963196
0.133353
0.895131
0.102044
0.424681
0.989700
0.209319
0.526412
0.583592
0.426138
0.263439
0.382750
0.572039
0.651246
0.784415
0.014889
0.329883
0.143137
0.274355
0.663774
0.228237
0.425848
0.799393
0.370715
0.005253
0.821123
0.969195
0.984785
0.760776
0.203048
0.278630
0.723972
0.336401
0.173760
0.826016
0.761082
0.163460
0.035335
0.287494
0.747052
0.461473
0.550933
0.129802
0.033512
0.202179
0.914217
0.048402
0.532063
0.057354
0.322757
0.195837
0.285590
0.748606
0.995230
0.656306
0.753858
0.816353
0.625501
0.738644
0.577129
0.828549
0.017274
0.301101
0.164950
0.191034
0.127117
0.926033
0.354494
0.162453
0.213527
0.101547
0.623926
0.764460
0.231349
0.657439
0.966639
0.145566
0.705840
0.498702
0.202919
0.028598
0.694539
0.488510
0.777203
0.689769
0.144816
0.531062
0.506122
0.770317
0.269705
0.083251
0.598866
0.286979
0.384352
0.763816
0.478013
0.511470
0.689849
0.832507
0.673922
0.903376
0.934054
0.297849
0.667836
0.165403
0.955287
0.634475
0.310969
0.661128
0.133177
0.513888
0.689725
0.827717
0.002398
0.466929
0.517486
0.147213
0.997990
0.023608
0.917530
0.267696
0.106860
0.516396
0.554675
0.491212
0.280212
0.032688
0.002682
0.970061
0.865195
0.676604
0.873437
0.799249
0.974453
0.541273
0.964652
0.929740
0.175748
0.275621
0.590868
0.308925
0.789509
0.280593
0.136642
0.791906
0.747522
0.654128
0.939120
0.745512
0.677736
0.856650
0.013208
0.784596
0.373046
0.567882
0.275808
0.653258
0.600570
0.278490
0.623320
0.465765
0.955094
0.496756
0.265014
0.929547
0.038029
0.229667
0.859287
0.213777
0.505287
0.450155
0.522702
0.294796
0.730748
0.659343
0.086703
0.478270
0.313471
0.025822
0.223782
0.991207
0.882472
0.236990
0.775803
0.255518
0.804872
0.051611
0.908776
0.405442
0.330101
0.532096
0.871207
0.285195
0.028852
0.136222
0.214742
0.066881
0.365888
0.074029
0.280658
0.871176
0.524184
0.803360
0.165972
0.254933
0.462703
0.252674
0.733203
0.776174
0.278496
0.956986
0.767381
0.160969
0.193976
0.543184
0.416487
0.998848
0.594795
0.325263
0.404290
0.924895
0.857359
0.275498
0.210090
0.886211
0.411719
0.424832
0.953092
0.777607
0.498861
0.233750
0.648783
0.023045
0.037109
0.814754
0.277978
0.499812
0.067429
0.011181
0.275986
0.345925
0.968167
0.043368
0.506894
0.162142
0.586552
0.923380
0.160990
0.181347
0.248643
0.565281
0.106242
0.106002
0.840778
0.316332
0.992213
0.252497
0.741164
0.945305
0.030105
0.240025
0.179054
0.678887
0.263071
0.216164
0.493642
0.541049
0.715976
0.561071
0.552230
0.991963
0.906996
0.520397
0.035330
0.413890
0.682539
0.621882
0.337270
0.843529
0.803229
0.585913
0.408810
0.909471
0.691915
0.249588
0.225803
0.684128
0.502085
0.966967
0.629432
0.532190
0.206993
0.808487
0.211077
0.470063
0.024651
0.704719
0.011112
0.740627
0.265790
0.563342
0.732589
0.172785
0.083738
0.767919
0.586675
0.766277
0.389801
0.923945
0.609806
0.193030
0.509858
0.018616
0.102501
0.201773
0.268204
0.328304
0.885901
0.770289
0.295271
0.515333
0.302479
0.502264
0.323820
0.513556
0.972327
0.348471
0.218275
0.983439
0.089098
0.484064
0.546781
0.821687
0.656850
0.630519
0.589607
0.243524
0.396796
0.979408
0.167469
0.006602
0.172438
0.677327
0.025218
0.274939
0.879100
0.293422
0.603243
0.765001
0.063711
0.898514
0.280335
0.366190
0.400778
0.604155
0.879745
0.373105
0.952626
0.098020
0.356544
0.041724
0.582085
0.903324
0.863412
0.238934
0.533843
0.453019
0.482459
0.930639
0.432427
0.649928
0.937241
0.604865
0.327255
0.962459
0.879804
0.206356
0.255880
0.483047
0.971357
0.319591
0.381561
0.251692
0.685781
0.782338
0.855847
0.565526
0.155443
0.808474
0.663546
0.511987
0.850198
0.245631
0.415312
0.713610
0.484565
0.949155
0.166628
0.967024
0.879794
0.599055
0.616952
0.817034
0.203920
0.944207
0.779493
0.083724
0.150563
0.035373
0.566771
0.121921
0.354964
0.948331
0.373613
0.040745
0.730669
0.229460
0.606271
0.886113
0.037934
0.269817
0.398100
0.888132
0.515448
0.813412
0.601742
0.000014
0.762566
0.768370
0.967038
0.642360
0.367426
0.583990
0.459394
0.571346
0.528197
0.238887
0.655070
0.678761
0.274260
0.221840
0.800681
0.629225
0.170171
0.174294
0.669970
0.900841
0.403754
0.276241
0.786954
0.441688
0.546058
0.185054
0.329820
0.061507
0.998465
0.931562
0.061520
0.761032
0.699933
0.028558
0.403391
0.067358
0.612548
0.862786
0.638704
0.140745
0.101673
0.293774
0.819506
0.375933
0.515614
0.620187
0.005158
0.685785
0.794481
0.675127
0.586626
0.198235
0.951368
0.373579
0.639923
0.497427
0.558633
0.969743
0.558933
0.557098
0.901306
0.620454
0.318130
0.601238
0.649012
0.721521
0.668597
0.261560
0.584307
0.307301
0.402305
0.685979
0.601075
0.221811
0.061912
0.116689
0.841999
0.067070
0.802474
0.636480
0.742197
0.389100
0.834715
0.693565
0.762679
0.474638
0.190992
0.321312
0.444381
0.749925
0.878410
0.345687
0.370379
0.196540
0.946925
0.019391
0.918061
0.615522
0.280951
0.502368
0.922823
0.683257
0.188347
0.523897
0.905068
0.250260
0.640586
0.747067
0.317329
0.443059
0.383547
0.059527
0.832159
0.218261
0.753092
0.594839
0.692899
0.944084
0.916151
0.137280
0.694010
0.794561
0.482967
0.064389
0.991101
0.429892
0.083780
0.909163
0.045414
0.364731
0.411530
0.968236
0.047988
0.599878
0.492133
0.953057
0.850137
0.132719
0.700124
0.167467
0.575779
0.083670
0.226993
0.407938
0.301932
0.980085
0.002776
0.994831
0.924170
0.918927
0.132111
0.618179
0.713489
0.615078
0.682568
0.704590
0.044970
0.766348
0.613753
0.090384
0.131080
0.025283
0.058620
0.179068
0.625161
0.550754
0.132125
0.475298
0.683473
0.832248
0.642765
0.259251
0.915919
0.869758
0.667189
0.217850
0.849844
0.669965
0.212681
0.774013
0.588893
0.344792
0.392192
0.302381
0.959870
0.074761
0.006971
0.004840
0.841109
0.620724
0.095224
0.972189
0.646007
0.153844
0.151257
0.271168
0.704598
0.283381
0.746466
0.388070
0.115630
0.389231
0.647321
0.031548
0.258989
0.314510
0.249399
0.108833
0.984476
0.462080
0.882846
0.573368
0.806872
0.275038
0.875750
0.766741
0.349799
0.882721
0.771581
0.190907
0.503445
0.866805
0.163096
0.149452
0.020649
0.314352
0.420620
0.725247
0.597734
0.167086
0.113317
0.713363
0.556316
0.760639
0.744912
0.815305
0.075149
0.994310
0.924138
0.059625
0.456390
0.806984
0.632993
0.263261
0.082022
0.508743
0.030003
0.431820
0.391464
0.801584
0.622728
0.894909
0.668390
0.785824
0.044361
0.689039
0.100176
0.464980
0.414286
0.697910
0.632066
0.527604
0.411273
0.188382
0.288242
0.156185
0.003688
0.363391
0.150496
0.927826
0.423016
0.606885
0.734809
0.056009
0.870147
0.816831
0.564752
0.900150
0.248652
0.956216
0.701734
0.871379
0.851124
0.370124
0.657203
0.895485
0.059163
0.757379
0.360465
0.473449
0.455289
0.992531
0.001053
0.866563
0.180914
0.289295
0.022748
0.184602
0.652687
0.173243
0.112427
0.075703
0.780129
0.847237
0.131712
0.650276
0.664068
0.696464
0.550426
0.912720
0.652679
0.252160
0.784099
0.503804
0.622284
0.441302
0.399289
0.681447
0.198681
0.759754
0.154896
0.653971
0.752285
0.155949
0.520533
0.933199
0.445245
0.543281
0.117800
0.097931
0.716525
0.230227
0.173634
0.496654
0.077464
0.305346
0.146929
0.741532
0.001810
0.697355
0.654252
0.654489
0.949515
0.438350
0.158293
0.571798
0.879652
0.557581
0.253245
0.078334
0.317335
0.408141
0.732304
0.069620
0.564091
0.252838
0.002819
0.009335
0.796119
0.120619
0.107266
0.512643
0.350846
0.280901
0.009297
0.428310
0.586247
0.156227
0.169842
0.588056
0.853582
0.824094
0.242546
0.803096
0.262444
0.400838
0.374895
0.142097
0.958420
0.628140
0.220430
0.275755
0.036282
0.952735
0.345375
0.600372
0.205572
0.348194
0.609707
0.001691
0.468812
0.716974
0.514335
0.819659
0.997874
0.523632
0.247969
0.584121
0.679858
0.417811
0.172177
0.533440
0.241905
0.414723
0.336536
0.504349
0.815561
0.711431
0.646445
0.773981
0.339572
0.866876
0.049736
0.375853
0.819611
0.395112
0.976225
0.025183
0.743305
0.585932
0.026874
0.212118
0.302906
0.541209
0.031776
0.300780
0.064841
0.279745
0.884901
0.744699
0.697556
0.057078
0.278139
0.939461
0.471801
0.614676
0.443809
0.287363
0.326107
0.090255
0.061344
0.665679
0.957131
0.111080
