512 1
0.903897
0.719866
0.035379
0.441422
0.955649
0.994177
0.623362
0.563511
0.372852
0.251129
0.965753
0.071122
0.294047
0.760491
0.651156
0.466478
0.243781
0.678826
0.461959
0.963367
0.698063
0.379690
0.411017
0.168558
0.410366
0.534061
0.995293
0.654779
0.574446
0.604368
0.803476
0.478343
0.324234
0.838855
0.919765
0.279883
0.833032
0.543128
0.843395
0.205884
0.794257
0.809147
0.277006
0.088304
0.569638
0.928162
0.554782
0.813419
0.606988
0.016741
0.776786
0.305051
0.396430
0.187803
0.473609
0.806796
0.721864
0.468902
0.461575
0.296309
0.073270
0.265051
0.774652
0.397504
0.103905
0.694418
0.677388
0.936938
0.237546
0.520782
0.142822
0.031802
0.329929
0.419828
0.120106
0.899567
0.347989
0.674888
0.712986
0.954977
0.691629
0.489772
0.260028
0.088059
0.677575
0.733638
0.894855
0.399438
0.202540
0.356430
0.695748
0.275810
0.621481
0.470400
0.673314
0.725386
0.164818
0.350701
0.662324
0.402363
0.871484
0.805146
0.434166
0.201413
0.224973
0.554272
0.100980
0.572963
0.229160
0.813966
0.527940
0.920788
0.303738
0.787968
0.008847
0.981313
0.521606
0.903703
0.380752
0.724146
0.260133
0.076499
0.999956
0.881613
0.546900
0.673269
0.607000
0.711718
0.023971
0.269323
0.114081
0.895454
0.074469
0.548247
0.096867
0.299442
0.102519
0.197848
0.872405
0.331678
0.011814
0.400344
0.252466
0.315552
0.188313
0.261314
0.296866
0.709919
0.165017
0.677617
0.434064
0.425149
0.754116
0.434020
0.306763
0.301016
0.107289
0.913762
0.012734
0.131260
0.183086
0.126815
0.026715
0.257554
0.675061
0.123582
0.556996
0.777580
0.321430
0.429401
0.109258
0.333244
0.829745
0.361725
0.648796
0.018058
0.623039
0.945662
0.727977
0.788055
0.623279
0.162041
0.213204
0.377395
0.596061
0.519967
0.678411
0.703351
0.433729
0.691145
0.834611
0.616815
0.817960
0.861326
0.874369
0.493021
0.984908
0.431366
0.270601
0.306338
0.860767
0.379859
0.639582
0.690512
0.741584
0.288378
0.708570
0.364622
0.234040
0.436547
0.152677
0.857318
0.598588
0.365882
0.234714
0.194649
0.885849
0.913125
0.898000
0.319578
0.604270
0.732611
0.936393
0.422230
0.593936
0.810762
0.915251
0.578844
0.242128
0.185851
0.885182
0.102895
0.565710
0.524763
0.793408
0.307294
0.813141
0.501978
0.671916
0.047181
0.938525
0.824594
0.904499
0.537113
0.190475
0.139213
0.731762
0.076324
0.052338
0.629762
0.395902
0.656608
0.362373
0.332295
0.078838
0.956309
0.143058
0.994088
0.535153
0.385186
0.179940
0.420335
0.488081
0.745650
0.945098
0.281489
0.052944
0.758239
0.783467
0.724861
0.805419
0.721991
0.549454
0.709919
0.259104
0.739930
0.849131
0.990867
0.816254
0.901470
0.620629
0.212156
0.558078
0.983001
0.544451
0.636915
0.939310
0.687509
0.631004
0.474463
0.072694
0.810943
0.894798
0.560776
0.556593
0.839895
0.842264
0.609538
0.598134
0.625731
0.334398
0.403553
0.347722
0.883852
0.113472
0.606827
0.623782
0.962604
0.597694
0.440036
0.864073
0.218322
0.652192
0.422151
0.201324
0.196643
0.059066
0.140634
0.884152
0.690070
0.615097
0.956846
0.501013
0.509895
0.517622
0.057607
0.349790
0.359886
0.667144
0.947924
0.985617
0.001542
0.351478
0.333339
0.885395
0.464950
0.940166
0.509176
0.427553
0.537859
0.949212
0.291626
0.756182
0.601404
0.713777
0.957505
0.798047
0.772843
0.098139
0.682199
0.462913
0.713236
0.639045
0.963927
0.223131
0.156666
0.021533
0.572921
0.516552
0.688677
0.520845
0.502169
0.690220
0.872322
0.835508
0.575614
0.337272
0.775674
0.084791
0.764825
0.313533
0.034003
0.056451
0.069715
0.635407
0.770228
0.027220
0.433454
0.543071
0.125359
0.115653
0.005985
0.838595
0.754697
0.969911
0.061726
0.911364
0.991444
0.634647
0.427916
0.680122
0.155491
0.930085
0.370342
0.027814
0.765593
0.945956
0.365086
0.541267
0.030746
0.129911
0.854801
0.064749
0.186362
0.924515
0.700156
0.956590
0.951735
0.133610
0.499662
0.077094
0.249263
0.505646
0.915690
0.003960
0.475557
0.977415
0.915324
0.467002
0.612062
0.343240
0.147124
0.767553
0.273326
0.517465
0.795367
0.038919
0.463421
0.160452
0.580186
0.494167
0.290363
0.434987
0.558917
0.476725
0.359502
0.259073
0.433315
0.311238
0.392683
0.932977
0.388332
0.641946
0.438623
0.304022
0.645906
0.914180
0.281437
0.561230
0.381182
0.893499
0.904471
0.528306
0.661053
0.177796
0.045771
0.456420
0.216715
0.509192
0.616872
0.796902
0.003359
0.907235
0.231889
0.562276
0.383960
0.591391
0.821349
0.817275
0.902629
0.214032
0.750252
0.290961
0.855978
0.188875
0.594983
0.501884
0.103056
0.876421
0.063115
0.484238
0.769920
0.967585
0.012543
0.430973
0.145381
0.058314
0.887393
0.362097
0.567506
0.504265
0.158998
0.570865
0.411500
0.390887
0.133141
0.795460
0.982278
0.954489
0.612736
0.884907
0.168521
0.362988
0.175868
0.024499
0.551863
0.770852
0.526383
0.654918
0.647272
0.589497
0.139156
