256 1
0.228443
0.359860
0.263371
0.749133
0.751626
0.020312
0.827751
0.014186
0.885839
0.009637
0.541883
0.813982
0.044201
0.355916
0.774128
0.657420
0.881412
0.293560
0.062037
0.483513
0.240512
0.027636
0.339289
0.187277
0.202127
0.028850
0.740990
0.845168
0.893704
0.881117
0.591691
0.122147
0.240976
0.855062
0.871280
0.992603
0.875373
0.699032
0.006789
0.761212
0.708669
0.548672
0.575195
0.752870
0.904587
0.349322
0.410289
0.785999
0.642882
0.472326
0.269512
0.883395
0.499963
0.608801
0.070672
0.702090
0.637651
0.811661
0.547258
0.531355
0.692778
0.138949
0.653502
0.933754
0.994010
0.524782
0.926357
0.869384
0.223814
0.933146
0.630596
0.932483
0.481817
0.205791
0.685352
0.386405
0.555113
0.095641
0.172404
0.197995
0.567967
0.441916
0.081390
0.067930
0.050717
0.152062
0.770020
0.688367
0.963723
0.317277
0.219722
0.656501
0.456226
0.873224
0.590255
0.450237
0.398006
0.516612
0.319620
0.621820
0.449757
0.950216
0.554302
0.931574
0.156007
0.239655
0.317979
0.711120
0.335296
0.490383
0.909116
0.903263
0.932298
0.990506
0.971193
0.983015
0.142568
0.741213
0.671382
0.106290
0.058490
0.891105
0.762791
0.514716
0.764329
0.353046
0.964953
0.162335
0.869657
0.284574
0.784155
0.319414
0.234790
0.338457
0.250989
0.390797
0.578112
0.568968
0.101918
0.913408
0.059350
0.011034
0.816671
0.991649
0.001539
0.787865
0.974664
0.144107
0.529078
0.646046
0.250397
0.587568
0.537151
0.013188
0.102284
0.301480
0.366234
0.067237
0.463815
0.235892
0.351811
0.247970
0.555306
0.586601
0.586427
0.806295
0.977398
0.164539
0.375263
0.079316
0.077947
0.434613
0.090350
0.894619
0.426262
0.091889
0.682483
0.400926
0.235996
0.211561
0.046973
0.486393
0.799129
0.584124
0.499582
0.901413
0.885603
0.865816
0.968650
0.349418
0.101708
0.320461
0.597387
0.657014
0.907062
0.183814
0.463309
0.884461
0.348353
0.838572
0.963776
0.426301
0.273185
0.054126
0.320919
0.699447
0.146015
0.003402
0.100374
0.382011
0.214963
0.147346
0.868404
0.014092
0.731470
0.367986
0.915505
0.617073
0.233803
0.884155
0.966491
0.335511
0.204616
0.563878
0.992525
0.111678
0.747693
0.455834
0.996139
0.096046
0.294406
0.959915
0.522347
0.567591
0.014041
0.843266
0.267038
0.160057
0.846668
0.367412
0.542068
0.061631
0.514758
0.410472
0.075723
0.246228
0.778458
0.991227
0.863301
0.012261
0.875382
0.829792
0.347771
0.079999
0.393670
0.340296
