1024 1
0.762005
0.370023
0.460101
0.992655
0.863648
0.135698
0.690052
0.654706
0.616701
0.606630
0.402689
0.810881
0.658693
0.016361
0.287075
0.406447
0.861125
0.940236
0.294485
0.371940
0.381636
0.054860
0.433385
0.464056
0.546623
0.418259
0.970437
0.914569
0.141457
0.761956
0.703722
0.903462
0.131979
0.163823
0.896118
0.995627
0.299521
0.586170
0.650333
0.916222
0.192800
0.053023
0.727103
0.851493
0.069383
0.014178
0.257940
0.930509
0.954414
0.552425
0.302449
0.336050
0.607285
0.735833
0.800106
0.153908
0.154093
0.770544
0.068476
0.295549
0.532500
0.772199
0.199012
0.664478
0.936022
0.095129
0.660105
0.235543
0.681299
0.310439
0.151765
0.874099
0.363461
0.878868
0.725592
0.432845
0.893045
0.983532
0.363353
0.847459
0.535957
0.665802
0.183509
0.143242
0.401635
0.983615
0.297150
0.555728
0.754159
0.365626
0.851277
0.286658
0.137825
0.050289
0.951137
0.073847
0.145418
0.611242
0.309390
0.826718
0.921681
0.461155
0.700817
0.285142
0.340022
0.426409
0.717987
0.233068
0.409942
0.081340
0.080527
0.945898
0.747142
0.264036
0.089140
0.148777
0.247651
0.386289
0.704505
0.001809
0.751915
0.555782
0.288468
0.889740
0.606071
0.239604
0.963587
0.751489
0.850846
0.272976
0.578207
0.772527
0.734131
0.279024
0.057669
0.074153
0.705434
0.775656
0.307221
0.115375
0.856995
0.387748
0.061274
0.604137
0.651784
0.150414
0.752914
0.899434
0.536703
0.457419
0.901243
0.288619
0.013201
0.189711
0.178359
0.619272
0.429315
0.141945
0.370762
0.280161
0.414922
0.948969
0.052688
0.149053
0.227994
0.110357
0.223206
0.933427
0.886012
0.530427
0.048803
0.743008
0.918175
0.110076
0.347145
0.569959
0.260490
0.100060
0.469393
0.797193
0.557479
0.370636
0.085812
0.570680
0.560347
0.264170
0.189952
0.989662
0.406116
0.560714
0.269823
0.821037
0.509683
0.322511
0.970090
0.737676
0.432868
0.193296
0.671104
0.318880
0.723723
0.719906
0.061888
0.641899
0.829983
0.409034
0.211858
0.090473
0.509093
0.681251
0.887666
0.066572
0.051887
0.973478
0.637252
0.612234
0.237648
0.827204
0.601896
0.643764
0.387918
0.871719
0.464801
0.897600
0.194230
0.434891
0.635277
0.627098
0.628187
0.306381
0.945978
0.351910
0.026287
0.007866
0.993809
0.856270
0.416900
0.205667
0.946742
0.925993
0.886917
0.834408
0.992565
0.938804
0.807886
0.629817
0.551038
0.045534
0.457021
0.152933
0.689297
0.844939
0.024652
0.154098
0.742539
0.218881
0.588989
0.377816
0.845979
0.217176
0.684197
0.791957
0.569086
0.710484
0.799823
0.562895
0.566753
0.216724
0.768562
0.513496
0.142717
0.655479
0.347904
0.135282
0.594283
0.155789
0.765099
0.145321
0.201323
0.222120
0.298254
0.890620
0.067059
0.322905
0.044719
0.809598
0.541787
0.633708
0.187414
0.387766
0.850884
0.871611
0.179723
0.419970
0.582095
0.979546
0.982866
0.148848
0.196270
0.751428
0.662343
0.338987
0.406907
0.010247
0.474269
0.001190
0.166037
0.239368
0.146510
0.367360
0.461489
0.444764
0.257980
0.528548
0.767670
0.302699
0.338146
0.309456
0.936407
0.525561
0.697222
0.787291
0.397172
0.876945
0.207261
0.979266
0.856492
0.190127
0.128114
0.052762
0.941554
0.790457
0.391749
0.348461
0.800705
0.866018
0.349651
0.966741
0.105386
0.496161
0.334101
0.566875
0.940925
0.592081
0.095423
0.708595
0.894780
0.433569
0.018051
0.831187
0.959130
0.715274
0.618478
0.356301
0.592219
0.825739
0.335567
0.448711
0.015866
0.463682
0.501473
0.957420
0.254139
0.893222
0.305881
0.054843
0.759240
0.655532
0.021584
0.864626
0.151693
0.355685
0.431501
0.092619
0.947766
0.526924
0.801213
0.842546
0.960493
0.819265
0.673733
0.919622
0.534538
0.292211
0.275923
0.126757
0.117949
0.611491
0.575468
0.133815
0.075172
0.076941
0.091235
0.329311
0.970163
0.397116
0.384155
0.729402
0.052649
0.405739
0.594028
0.204342
0.761425
0.025529
0.296961
0.709191
0.552453
0.098174
0.551737
0.512945
0.917439
0.225470
0.432567
0.451977
0.517680
0.708491
0.578735
0.635630
0.319982
0.154203
0.769445
0.395154
0.231144
0.860680
0.724466
0.201307
0.257797
0.108621
0.930709
0.310445
0.514360
0.524737
0.514787
0.275785
0.550266
0.811747
0.984975
0.102719
0.909921
0.536712
0.615664
0.827360
0.762182
0.048231
0.279337
0.279862
0.756722
0.858072
0.915492
0.076704
0.012275
0.684937
0.471859
0.243419
0.545617
0.196324
0.444726
0.803414
0.304945
0.375436
0.113859
0.819305
0.900173
0.628646
0.095090
0.450439
0.440394
0.080065
0.553158
0.350315
0.616777
0.168822
0.177675
0.378959
0.217053
0.457013
0.658822
0.973776
0.315085
0.574314
0.050480
0.327360
0.259251
0.522339
0.570779
0.804869
0.718663
0.015505
0.608283
0.023608
0.390941
0.722142
0.842913
0.291113
0.350788
0.938003
0.741553
0.791182
0.018068
0.294711
0.141497
0.634845
0.463533
0.319172
0.013804
0.680586
0.776184
0.672626
0.654362
0.091269
0.246940
0.704841
0.418629
0.506191
0.227180
0.989407
0.311060
0.945843
0.004912
0.919343
0.969451
0.395853
0.641485
0.812365
0.686966
0.992273
0.750367
0.428519
0.783454
0.768435
0.723230
0.924951
0.403280
0.186762
0.244123
0.417084
0.867348
0.020307
0.089710
0.521710
0.111576
0.336650
0.226551
0.530205
0.842841
0.453731
0.519612
0.153901
0.399574
0.524524
0.073244
0.369026
0.920377
0.714729
0.181390
0.607344
0.707002
0.931758
0.035863
0.490456
0.700193
0.759093
0.415407
0.103473
0.945855
0.659530
0.520557
0.813203
0.679838
0.610268
0.334913
0.791414
0.946918
0.561464
0.321619
0.789759
0.015195
0.841231
0.943660
0.414769
0.365755
0.016905
0.783795
0.286133
0.731634
0.965186
0.893476
0.438635
0.896943
0.929339
0.929092
0.597136
0.688432
0.344499
0.700609
0.634287
0.004029
0.221167
0.447490
0.683867
0.831434
0.782402
0.475281
0.778352
0.343866
0.796899
0.568111
0.359061
0.638130
0.511772
0.773831
0.003885
0.528676
0.557626
0.290018
0.260310
0.522811
0.183494
0.698945
0.419755
0.112833
0.628037
0.016891
0.801265
0.972536
0.717500
0.435552
0.976565
0.938667
0.883042
0.660432
0.770101
0.665444
0.135712
0.548453
0.009310
0.932612
0.116564
0.368371
0.570742
0.628336
0.142202
0.574627
0.157012
0.699828
0.864645
0.417321
0.222639
0.048139
0.116266
0.642394
0.160972
0.744303
0.659285
0.962238
0.716838
0.376785
0.397790
0.693403
0.315452
0.280832
0.353835
0.085553
0.946276
0.489547
0.634006
0.955586
0.422159
0.750570
0.323958
0.992901
0.378906
0.466160
0.567528
0.535918
0.165988
0.432173
0.953239
0.388627
0.480311
0.069506
0.031021
0.641284
0.813809
0.690306
0.603522
0.530647
0.067091
0.001312
0.224051
0.382542
0.282143
0.577885
0.468095
0.228419
0.067433
0.102101
0.184005
0.489592
0.852671
0.507963
0.482493
0.231577
0.974123
0.050020
0.767495
0.140111
0.482193
0.720735
0.528738
0.962504
0.790240
0.559759
0.603788
0.604049
0.250064
0.207310
0.134696
0.317155
0.208621
0.358747
0.699698
0.490765
0.936632
0.167793
0.719184
0.004065
0.269894
0.903189
0.493657
0.122565
0.411153
0.976150
0.354142
0.385276
0.026170
0.121637
0.525386
0.508363
0.842372
0.054124
0.470867
0.632613
0.613882
0.074656
0.236662
0.863947
0.281966
0.371358
0.181102
0.490587
0.730105
0.880799
0.981352
0.666738
0.048592
0.700536
0.670803
0.318486
0.603725
0.164460
0.441051
0.014878
0.140610
0.795193
0.400153
0.166780
0.916830
0.925540
0.675143
0.759203
0.979663
0.146010
0.391815
0.593546
0.220666
0.628477
0.457492
0.502632
0.999835
0.638594
0.993219
0.729940
0.519394
0.974570
0.396678
0.567986
0.675106
0.067481
0.886471
0.278831
0.231941
0.327522
0.293709
0.372550
0.122715
0.693862
0.539330
0.039545
0.619402
0.214473
0.798748
0.599065
0.360484
0.190563
0.192611
0.581150
0.819040
0.650104
0.083781
0.818875
0.288698
0.077000
0.548816
0.808091
0.051570
0.945494
0.376077
0.726676
0.012975
0.262548
0.005508
0.244915
0.590071
0.299217
0.617466
0.712786
0.993079
0.156796
0.752331
0.612481
0.371269
0.551079
0.211547
0.731752
0.741642
0.404158
0.312902
0.560682
0.054261
0.396683
0.379558
0.342959
0.473683
0.928374
0.151050
0.525253
0.873868
0.527128
0.251930
0.886842
0.789676
0.257438
0.131757
0.379747
0.556655
0.749223
0.092532
0.549734
0.906019
0.844863
0.162215
0.277287
0.395942
0.373762
0.009040
0.137584
0.777919
0.321942
0.698267
0.832180
0.718625
0.077825
0.175139
0.192308
0.006199
0.326190
0.717562
0.880066
0.853317
0.969492
0.766908
0.642993
0.226929
0.898666
0.022740
0.783584
0.647888
0.115272
0.333318
0.553907
0.960135
0.495533
0.831195
0.356077
0.869294
0.840234
0.493661
0.647214
0.162176
0.191928
0.479394
0.880801
0.269753
0.654533
0.073110
0.275952
0.980723
0.790671
0.156018
0.834040
0.760163
0.922926
0.477033
0.987092
0.821592
0.499773
0.770676
0.469480
0.615044
0.103994
0.023387
0.575179
0.599526
0.854582
0.931256
0.468821
0.694816
0.424918
0.116034
0.856992
0.616846
0.595428
0.737794
0.886599
0.249961
0.810903
0.162550
0.230684
0.601574
0.318568
0.064724
0.361737
0.241494
0.541756
0.348829
0.063086
0.041529
0.119505
0.532566
0.656573
0.223499
0.555953
0.231752
0.823025
0.410534
0.163009
0.291846
0.105350
0.587926
0.407880
0.962343
0.204772
0.003308
0.700136
0.091371
0.253269
0.511039
0.253921
0.483953
0.112614
0.572489
0.548677
0.474351
0.813983
0.090433
0.823180
0.877069
0.131962
0.942685
0.409634
0.788535
0.166183
0.965587
0.020288
0.989208
0.376121
0.183296
0.281054
0.481472
0.771222
0.688934
0.443814
0.975994
0.692242
0.143951
0.067365
0.945511
0.654990
0.321286
0.429464
0.767604
0.893775
0.978141
0.241954
0.707758
0.068574
0.065134
0.584826
0.200537
0.007819
0.994461
0.989072
0.174002
0.960048
0.009360
0.163210
0.336169
0.192656
0.444264
0.817641
0.963879
0.133197
0.261455
